136.680		101681.	
137.680		100801.	
138.680		100583.	
139.680		99437.9	
140.680		98154.1	
141.680		97316.3	
142.680		97098.5	
143.680		96571.9	
144.680		96224.4	
145.680		95344.0	
146.680		94945.0	
147.680		94972.1	
148.680		94071.1	
149.680		93574.2	
150.680		93622.5	
151.680		93282.6	
152.680		92512.3	
153.680		92208.7	
154.680		91680.2	
155.680		90701.7	
156.680		90217.9	
157.680		89980.0	
158.680		89798.8	
159.680		89155.9	
160.680		89124.5	
161.680		88550.0	
162.680		88349.6	
163.680		87706.4	
164.680		87552.2	
165.680		87567.0	
166.680		87107.9	
167.680		86184.7	
168.680		86022.9	
169.680		85905.0	
170.680		86006.9	
171.680		85484.0	
172.680		85236.6	
173.680		85304.9	
174.680		85323.1	
175.680		85202.7	
176.680		84371.8	
177.680		83950.6	
178.680		84016.0	
179.680		83858.4	
180.680		83506.6	
181.680		83724.3	
182.680		83504.2	
183.680		83415.1	
184.680		83526.5	
185.680		83085.9	
186.680		83431.6	
187.680		82985.1	
188.680		82503.2	
189.680		82210.5	
190.680		82577.3	
191.680		82050.1	
192.680		82344.2	
193.680		81469.0	
194.680		82212.5	
195.680		81961.1	
196.680		81817.6	
197.680		81310.2	
198.680		81146.7	
199.680		81396.3	
200.680		81462.9	
201.680		81196.2	
202.680		81668.9	
203.680		81096.3	
204.680		80970.2	
205.680		81061.4	
206.680		80737.8	
207.680		81290.0	
208.680		81265.6	
209.680		80923.8	
210.680		80884.5	
211.680		81207.8	
212.680		81290.4	
213.680		80540.3	
214.680		80912.2	
215.680		80890.1	
216.680		81118.1	
217.680		81051.7	
218.680		80877.7	
219.680		80650.0	
220.680		80960.2	
221.680		80569.3	
222.680		80841.2	
223.680		80325.2	
224.680		80349.6	
225.680		80510.0	
226.680		80217.5	
227.680		79972.1	
228.680		79806.1	
229.680		79897.0	
230.680		80149.6	
231.680		80000.4	
232.680		79927.7	
233.680		80128.1	
234.680		80178.2	
235.680		80186.3	
236.680		80346.2	
237.680		80167.0	
238.680		80108.6	
239.680		80166.6	
240.680		80487.9	
241.680		80127.6	
242.680		79832.7	
243.680		79634.7	
244.680		79690.6	
245.680		80025.8	
246.680		80026.7	
247.680		80435.7	
248.680		80351.9	
249.680		80489.4	
250.680		80573.4	
251.680		80308.2	
252.680		80844.4	
253.680		80657.6	
254.680		80894.8	
255.680		80491.3	
256.680		80380.1	
257.680		80734.2	
258.680		80672.6	
259.680		80935.6	
260.680		81239.0	
261.680		81031.1	
262.680		80991.3	
263.680		80998.5	
264.680		81354.7	
265.680		81466.9	
266.680		81309.6	
267.680		81366.6	
268.680		81599.6	
269.680		81864.1	
270.680		81877.4	
271.680		81879.6	
272.680		82006.8	
273.680		82098.5	
274.680		82300.1	
275.680		82151.2	
276.680		82138.0	
277.680		82211.0	
278.680		82064.6	
279.680		82127.1	
280.680		81976.3	
281.680		82553.6	
282.680		82159.2	
283.680		82132.3	
284.680		82093.2	
285.680		82256.2	
286.680		82387.7	
287.680		82292.8	
288.680		82689.9	
289.680		82650.2	
290.680		82515.2	
291.680		82683.9	
292.680		82389.1	
293.680		82661.0	
294.680		82719.9	
295.680		83303.2	
296.680		83182.3	
297.680		83149.7	
298.680		83341.7	
299.680		83610.1	
300.680		83865.3	
301.680		83713.8	
302.680		83934.7	
303.680		83923.3	
304.680		84312.6	
305.680		83943.3	
306.680		84424.6	
307.680		84575.3	
308.680		84436.3	
309.680		84590.0	
310.680		84453.0	
311.680		84364.3	
312.680		84421.3	
313.680		84696.1	
314.680		84709.5	
315.680		84766.9	
316.680		85077.1	
317.680		84687.3	
318.680		85231.2	
319.680		85246.1	
320.680		85582.1	
321.680		85807.9	
322.680		85683.7	
323.680		85512.8	
324.680		85723.3	
325.680		86209.2	
326.680		86364.4	
327.680		86557.1	
328.680		86597.6	
329.680		86680.2	
330.680		86331.9	
331.680		86828.3	
332.680		86684.0	
333.680		87198.5	
334.680		87109.7	
335.680		87205.0	
336.680		87373.9	
337.680		87093.1	
338.680		87200.2	
339.680		87556.7	
340.680		87587.0	
341.680		87624.3	
342.680		87865.6	
343.680		87667.0	
344.680		88446.1	
345.680		88323.4	
346.680		88451.0	
347.680		88456.3	
348.680		88947.1	
349.680		88618.1	
350.680		89132.1	
351.680		89313.6	
352.680		89667.6	
353.680		89397.0	
354.680		89858.7	
355.680		89455.5	
356.680		89638.1	
357.680		90205.3	
358.680		90261.6	
359.680		90277.8	
360.680		90472.9	
361.680		90567.4	
362.680		90720.8	
363.680		90858.1	
364.680		91102.3	
365.680		91093.4	
366.680		91364.8	
367.680		91395.6	
368.680		91234.5	
369.680		91833.3	
370.680		92008.0	
371.680		92475.0	
372.680		92619.7	
373.680		92490.7	
374.680		92648.8	
375.680		92601.2	
376.680		92639.9	
377.680		92913.3	
378.680		92872.7	
379.680		93364.4	
380.680		93282.2	
381.680		93530.9	
382.680		94085.4	
383.680		94224.7	
384.680		94304.7	
385.680		94325.0	
386.680		94957.2	
387.680		94441.8	
388.680		94577.1	
389.680		94475.3	
390.680		94893.7	
391.680		95078.7	
392.680		95620.2	
393.680		95503.9	
394.680		95963.0	
395.680		96030.7	
396.680		96024.8	
397.680		95970.0	
398.680		96570.2	
399.680		96832.5	
400.680		96647.8	
401.680		96490.3	
402.680		96576.3	
403.680		96828.6	
404.680		97314.1	
405.680		96872.4	
406.680		97288.4	
407.680		98034.8	
408.680		97759.2	
409.680		98149.5	
410.680		97946.1	
411.680		98232.9	
412.680		98332.6	
413.680		98674.3	
414.680		99108.8	
415.680		99161.9	
416.680		99245.3	
417.680		100085.	
418.680		99789.3	
419.680		100006.	
420.680		99855.2	
421.680		100219.	
422.680		100590.	
423.680		100466.	
424.680		100944.	
425.680		101300.	
426.680		101384.	
427.680		101346.	
428.680		101798.	
429.680		101531.	
430.680		102071.	
431.680		102268.	
432.680		102234.	
433.680		102409.	
434.680		102611.	
435.680		103057.	
436.680		103099.	
437.680		102745.	
438.680		103713.	
439.680		103832.	
440.680		103819.	
441.680		104273.	
442.680		104580.	
443.680		104679.	
444.680		104515.	
445.680		105298.	
446.680		106070.	
447.680		106127.	
448.680		106404.	
449.680		106475.	
450.680		106125.	
451.680		106171.	
452.680		106607.	
453.680		106011.	
454.680		106931.	
455.680		107399.	
456.680		107112.	
457.680		107964.	
458.680		108538.	
459.680		108781.	
460.680		108996.	
461.680		109044.	
462.680		108669.	
463.680		108730.	
464.680		108988.	
465.680		109005.	
466.680		109255.	
467.680		109563.	
468.680		109675.	
469.680		110276.	
470.680		110753.	
471.680		111611.	
472.680		112215.	
473.680		112996.	
474.680		112658.	
475.680		113196.	
476.680		114280.	
477.680		114105.	
478.680		114140.	
479.680		113958.	
480.680		113697.	
481.680		113525.	
482.680		113431.	
483.680		114030.	
484.680		113475.	
485.680		112717.	
486.680		112799.	
487.680		113828.	
488.680		115469.	
489.680		115827.	
490.680		114323.	
491.680		111086.	
492.680		109869.	
493.680		109205.	
494.680		109074.	
495.680		108980.	
496.680		108774.	
497.680		109309.	
498.680		109254.	
499.680		108654.	
500.680		108798.	
501.680		109414.	
502.680		109770.	
503.680		109480.	
504.680		109617.	
505.680		109743.	
506.680		110414.	
507.680		111083.	
508.680		111076.	
509.680		111172.	
510.680		112085.	
511.680		112036.	
512.680		112308.	
513.680		113261.	
514.680		113512.	
515.680		113108.	
516.680		113351.	
517.680		113088.	
518.680		113372.	
519.680		113696.	
520.680		113973.	
521.680		114480.	
522.680		115009.	
523.680		115473.	
524.680		117484.	
525.680		118872.	
526.680		120028.	
527.680		121063.	
528.680		120036.	
529.680		119208.	
530.680		118561.	
531.680		116895.	
532.680		115242.	
533.680		114430.	
534.680		114401.	
535.680		114172.	
536.680		113498.	
537.680		113748.	
538.680		114491.	
539.680		114571.	
540.680		114640.	
541.680		114761.	
542.680		115336.	
543.680		115805.	
544.680		115831.	
545.680		116819.	
546.680		116867.	
547.680		117989.	
548.680		118910.	
549.680		118602.	
550.680		118999.	
551.680		119060.	
552.680		118787.	
553.680		119017.	
554.680		118766.	
555.680		118563.	
556.680		118283.	
557.680		118190.	
558.680		119252.	
559.680		120148.	
560.680		121177.	
561.680		122389.	
562.680		123651.	
563.680		124273.	
564.680		123436.	
565.680		122075.	
566.680		121133.	
567.680		121676.	
568.680		122102.	
569.680		122854.	
570.680		123532.	
571.680		123906.	
572.680		123516.	
573.680		123079.	
574.680		123587.	
575.680		124274.	
576.680		124346.	
577.680		124571.	
578.680		125223.	
579.680		126020.	
580.680		126404.	
581.680		127774.	
582.680		128225.	
583.680		128846.	
584.680		129981.	
585.680		130678.	
586.680		131023.	
587.680		131657.	
588.680		131595.	
589.680		132685.	
590.680		133903.	
591.680		134536.	
592.680		134236.	
593.680		132288.	
594.680		130744.	
595.680		129626.	
596.680		130909.	
597.680		133723.	
598.680		134073.	
599.680		129213.	
600.680		121136.	
601.680		115871.	
602.680		112855.	
603.680		111628.	
604.680		110107.	
605.680		109942.	
606.680		109962.	
607.680		110563.	
608.680		111420.	
609.680		112409.	
610.680		113115.	
611.680		113136.	
612.680		111835.	
613.680		111309.	
614.680		111692.	
615.680		113824.	
616.680		114793.	
617.680		112109.	
618.680		109198.	
619.680		108337.	
620.680		108309.	
621.680		108277.	
622.680		108425.	
623.680		109622.	
624.680		110456.	
625.680		111301.	
626.680		112098.	
627.680		112815.	
628.680		112563.	
629.680		112562.	
630.680		113193.	
631.680		115563.	
632.680		123528.	
633.680		130069.	
634.680		124815.	
635.680		116349.	
636.680		114806.	
637.680		116322.	
638.680		117644.	
639.680		119616.	
640.680		121528.	
641.680		123247.	
642.680		123152.	
643.680		123042.	
644.680		121633.	
645.680		120957.	
646.680		121053.	
647.680		120593.	
648.680		118076.	
649.680		114967.	
650.680		112943.	
651.680		111992.	
652.680		108728.	
653.680		101480.	
654.680		91946.8	
655.680		85154.4	
656.680		82653.6	
657.680		81540.4	
658.680		80840.8	
659.680		80580.4	
660.680		79612.8	
661.680		79287.9	
662.680		78772.3	
663.680		78416.5	
664.680		78046.2	
665.680		77154.3	
666.680		76673.1	
667.680		76191.6	
668.680		76028.4	
669.680		76057.9	
670.680		76394.6	
671.680		76383.1	
672.680		76458.5	
673.680		77195.1	
674.680		77282.0	
675.680		77652.8	
676.680		77912.5	
677.680		77995.2	
678.680		78426.7	
679.680		78247.6	
680.680		78420.0	
681.680		78848.4	
682.680		78803.0	
683.680		78781.3	
684.680		78655.1	
685.680		79033.4	
686.680		79338.5	
687.680		79103.5	
688.680		79333.7	
689.680		79790.6	
690.680		79962.6	
691.680		80775.7	
692.680		81441.3	
693.680		81818.5	
694.680		82553.5	
695.680		83740.6	
696.680		85559.0	
697.680		87565.2	
698.680		89989.4	
699.680		93035.0	
700.680		97439.4	
701.680		102416.	
702.680		105934.	
703.680		104823.	
704.680		98626.9	
705.680		91455.8	
706.680		85251.3	
707.680		81219.8	
708.680		78343.2	
709.680		76347.2	
710.680		76000.7	
711.680		75858.2	
712.680		75724.4	
713.680		75958.3	
714.680		76495.0	
715.680		76913.1	
716.680		76284.8	
717.680		75369.2	
718.680		74243.8	
719.680		73121.9	
720.680		71832.5	
721.680		71660.1	
722.680		71438.2	
723.680		71223.1	
724.680		71249.1	
725.680		71317.3	
726.680		71083.3	
727.680		71400.4	
728.680		71879.0	
729.680		72106.6	
730.680		72774.8	
731.680		73779.1	
732.680		73748.3	
733.680		73841.1	
734.680		74610.8	
735.680		75345.0	
736.680		75970.3	
737.680		76217.6	
738.680		76819.4	
739.680		77571.2	
740.680		78344.4	
741.680		78559.5	
742.680		79436.4	
743.680		79902.2	
744.680		80307.5	
745.680		80696.9	
746.680		81428.0	
747.680		81861.4	
748.680		82732.0	
749.680		83309.4	
750.680		84147.0	
751.680		84997.0	
752.680		85567.6	
753.680		86602.9	
754.680		87239.1	
755.680		87884.2	
756.680		88407.5	
757.680		88664.8	
758.680		88739.7	
759.680		89645.5	
760.680		89912.8	
761.680		91306.5	
762.680		93133.7	
763.680		98029.4	
764.680		108376.	
765.680		125666.	
766.680		132838.	
767.680		113144.	
768.680		88562.8	
769.680		79361.1	
770.680		77487.3	
771.680		77745.3	
772.680		79230.7	
773.680		81031.1	
774.680		83493.4	
775.680		87001.9	
776.680		94003.9	
777.680		111562.	
778.680		152282.	
779.680		172987.	
780.680		113826.	
781.680		50968.7	
782.680		33265.9	
783.680		29914.9	
784.680		28317.9	
785.680		27508.8	
786.680		27458.8	
787.680		27378.3	
788.680		27747.1	
789.680		28145.2	
790.680		27920.5	
791.680		27411.3	
792.680		25795.5	
793.680		24613.6	
794.680		23421.9	
795.680		22345.7	
796.680		21837.0	
797.680		21600.8	
798.680		21351.2	
799.680		20992.4	
800.680		20946.6	
801.680		20757.8	
802.680		20973.2	
803.680		20562.1	
804.680		20291.2	
805.680		20351.7	
806.680		20122.3	
807.680		20180.8	
808.680		20378.5	
809.680		20585.8	
810.680		20494.6	
811.680		20388.5	
812.680		20616.7	
813.680		20610.7	
814.680		20430.2	
815.680		20376.4	
816.680		20576.2	
817.680		20700.7	
818.680		20653.0	
819.680		20764.1	
820.680		20879.8	
821.680		21068.9	
822.680		21012.6	
823.680		21037.3	
824.680		20999.7	
825.680		21078.5	
826.680		21229.5	
827.680		21347.9	
828.680		21192.0	
829.680		21303.2	
830.680		21353.5	
831.680		21278.9	
832.680		21347.6	
833.680		21677.5	
834.680		21844.7	
835.680		21958.7	
836.680		22255.2	
837.680		22530.2	
838.680		22583.9	
839.680		22946.1	
840.680		23210.0	
841.680		23329.8	
842.680		24016.4	
843.680		24885.1	
844.680		26309.6	
845.680		27563.5	
846.680		26733.1	
847.680		25008.6	
848.680		23630.5	
849.680		22629.3	
850.680		21737.0	
851.680		21081.1	
852.680		20485.0	
853.680		20036.4	
854.680		19811.5	
855.680		19767.8	
856.680		19728.5	
857.680		19739.1	
858.680		19784.2	
859.680		19612.6	
860.680		19728.1	
861.680		20057.6	
862.680		19996.1	
863.680		20110.5	
864.680		19953.9	
865.680		20036.3	
866.680		20049.4	
867.680		19761.9	
868.680		19728.8	
869.680		19822.8	
870.680		20029.9	
871.680		20282.9	
872.680		20184.9	
873.680		20422.9	
874.680		20593.3	
875.680		20891.6	
876.680		21095.1	
877.680		21195.7	
878.680		21462.7	
879.680		21553.2	
880.680		21851.1	
881.680		22021.3	
882.680		22173.3	
883.680		22223.6	
884.680		22379.1	
885.680		22483.1	
886.680		22661.4	
887.680		22844.7	
888.680		22788.9	
889.680		22923.5	
890.680		22760.5	
891.680		22712.2	
892.680		22830.4	
893.680		22830.7	
894.680		22583.3	
895.680		22352.2	
896.680		22400.6	
897.680		22650.3	
898.680		22931.1	
899.680		23507.6	
900.680		25255.9	
901.680		29203.4	
902.680		34853.3	
903.680		33956.7	
904.680		26143.4	
905.680		20983.3	
906.680		19625.8	
907.680		19914.5	
908.680		21133.4	
909.680		23779.4	
910.680		30356.1	
911.680		42592.9	
912.680		44953.3	
913.680		27680.7	
914.680		13583.7	
915.680		10084.6	
916.680		9664.49	
917.680		9336.91	
918.680		9113.54	
919.680		9026.85	
920.680		9159.54	
921.680		8906.05	
922.680		8869.64	
923.680		8885.73	
924.680		8845.26	
925.680		8863.27	
926.680		8752.98	
927.680		8807.89	
928.680		8912.12	
929.680		8907.80	
930.680		8806.87	
931.680		8894.14	
932.680		8991.41	
933.680		8987.94	
934.680		8859.74	
935.680		9055.50	
936.680		8936.66	
937.680		9064.74	
938.680		8983.88	
939.680		9113.67	
940.680		9029.97	
941.680		9078.16	
942.680		9053.44	
943.680		9051.46	
944.680		9102.09	
945.680		9109.99	
946.680		9060.52	
947.680		9088.67	
948.680		9271.96	
949.680		9145.33	
950.680		8935.68	
951.680		9140.60	
952.680		9475.57	
953.680		10011.5	
954.680		10742.4	
955.680		11970.8	
956.680		11990.9	
957.680		10369.3	
958.680		9154.99	
959.680		8779.22	
960.680		8719.10	
961.680		8689.30	
962.680		8737.33	
963.680		8761.78	
964.680		8691.13	
965.680		8853.27	
966.680		8811.03	
967.680		8768.04	
968.680		8605.10	
969.680		8753.30	
970.680		8866.74	
971.680		8881.84	
972.680		8820.32	
973.680		9028.70	
974.680		9042.50	
975.680		8887.63	
976.680		8636.11	
977.680		8743.68	
978.680		8894.66	
979.680		8805.56	
980.680		8786.33	
981.680		8983.79	
982.680		8901.26	
983.680		8845.96	
984.680		8920.50	
985.680		8923.17	
986.680		8872.33	
987.680		8923.90	
988.680		8813.52	
989.680		9039.41	
990.680		8935.73	
991.680		8840.91	
992.680		8916.72	
993.680		9008.46	
994.680		8981.59	
995.680		8901.80	
996.680		9104.24	
997.680		8975.97	
998.680		8915.04	
999.680		9031.02	
1000.68		9050.96	
1001.68		9122.58	
1002.68		8903.59	
1003.68		8980.78	
1004.68		8927.42	
1005.68		9052.77	
1006.68		9174.64	
1007.68		9107.78	
1008.68		9015.26	
1009.68		9091.17	
1010.68		9149.45	
1011.68		9148.49	
1012.68		9242.22	
1013.68		9252.25	
1014.68		9217.38	
1015.68		9182.25	
1016.68		9034.78	
1017.68		9095.95	
1018.68		9093.09	
1019.68		9290.00	
1020.68		9237.49	
1021.68		9205.17	
1022.68		9215.44	
1023.68		9289.89	
1024.68		9343.68	
1025.68		9358.27	
1026.68		9144.18	
1027.68		9220.06	
1028.68		9176.85	
1029.68		9259.72	
1030.68		9251.65	
1031.68		9345.89	
1032.68		9469.58	
1033.68		9421.68	
1034.68		9413.53	
1035.68		9412.69	
1036.68		9390.69	
1037.68		9494.98	
1038.68		9410.16	
1039.68		9371.62	
1040.68		9349.87	
1041.68		9392.44	
1042.68		9453.21	
1043.68		9571.55	
1044.68		9513.43	
1045.68		9520.90	
1046.68		9250.14	
1047.68		9374.44	
1048.68		9488.33	
1049.68		9593.04	
1050.68		9537.64	
1051.68		9515.78	
1052.68		9480.60	
1053.68		9593.74	
1054.68		9654.83	
1055.68		9705.03	
1056.68		9707.60	
1057.68		9522.80	
1058.68		9719.27	
1059.68		9588.13	
1060.68		9632.93	
1061.68		9638.39	
1062.68		9661.28	
1063.68		9778.00	
1064.68		9768.61	
1065.68		9721.21	
1066.68		9804.54	
1067.68		9767.27	
1068.68		9756.65	
1069.68		9888.40	
1070.68		9760.61	
1071.68		9827.74	
1072.68		9803.06	
1073.68		9838.71	
1074.68		10087.5	
1075.68		10217.7	
1076.68		9955.15	
1077.68		9922.91	
1078.68		9863.41	
1079.68		9842.98	
1080.68		9747.78	
1081.68		9837.07	
1082.68		9775.99	
1083.68		9816.87	
1084.68		9985.29	
1085.68		10128.6	
1086.68		9961.65	
1087.68		10100.4	
1088.68		10289.9	
1089.68		10216.2	
1090.68		10191.7	
1091.68		10290.9	
1092.68		10430.1	
1093.68		10436.5	
1094.68		10235.3	
1095.68		10159.5	
1096.68		9898.17	
1097.68		9928.31	
1098.68		10000.6	
1099.68		10064.6	
1100.68		9982.36	
1101.68		10015.9	
1102.68		10156.3	
1103.68		10101.7	
1104.68		10127.8	
1105.68		10126.6	
1106.68		10113.2	
1107.68		10058.6	
1108.68		10200.8	
1109.68		10170.8	
1110.68		9990.11	
1111.68		10172.5	
1112.68		9977.66	
1113.68		10030.9	
1114.68		10108.0	
1115.68		10019.7	
1116.68		10258.5	
1117.68		10233.3	
1118.68		10157.4	
1119.68		10136.0	
1120.68		10296.7	
1121.68		10173.9	
1122.68		10185.3	
1123.68		10200.2	
1124.68		10357.9	
1125.68		10373.2	
1126.68		10320.1	
1127.68		10466.0	
1128.68		10538.2	
1129.68		10407.7	
1130.68		10389.6	
1131.68		10479.7	
1132.68		10544.1	
1133.68		10532.9	
1134.68		10487.6	
1135.68		10465.5	
1136.68		10509.6	
1137.68		10502.7	
1138.68		10736.3	
1139.68		10794.0	
1140.68		10735.5	
1141.68		10590.2	
1142.68		10760.3	
1143.68		10663.9	
1144.68		10651.5	
1145.68		10741.7	
1146.68		10699.4	
1147.68		10736.7	
1148.68		10602.4	
1149.68		10680.4	
1150.68		10674.5	
1151.68		10658.4	
1152.68		10661.1	
1153.68		10732.4	
1154.68		10671.8	
1155.68		10774.5	
1156.68		10783.5	
1157.68		10685.3	
1158.68		10843.5	
1159.68		10819.6	
1160.68		10744.1	
1161.68		10843.2	
1162.68		10914.6	
1163.68		11082.3	
1164.68		11517.3	
1165.68		11793.2	
1166.68		12180.9	
1167.68		12011.8	
1168.68		11304.7	
1169.68		10914.7	
1170.68		10937.1	
1171.68		11053.3	
1172.68		11057.7	
1173.68		10955.5	
1174.68		10967.6	
1175.68		11031.2	
1176.68		10879.1	
1177.68		10920.3	
1178.68		10886.6	
1179.68		10926.8	
1180.68		10959.6	
1181.68		10923.4	
1182.68		10902.5	
1183.68		10944.4	
1184.68		10847.2	
1185.68		10882.4	
1186.68		11044.4	
1187.68		11051.5	
1188.68		10997.8	
1189.68		11095.1	
1190.68		11020.0	
1191.68		10955.7	
1192.68		10955.8	
1193.68		11105.3	
1194.68		11123.4	
1195.68		10991.9	
1196.68		11071.2	
1197.68		11088.1	
1198.68		11239.8	
1199.68		11536.8	
1200.68		11925.8	
1201.68		12444.3	
1202.68		12839.3	
1203.68		12736.5	
1204.68		11900.7	
1205.68		11186.1	
1206.68		11120.1	
1207.68		10991.5	
1208.68		10954.0	
1209.68		10981.5	
1210.68		11130.8	
1211.68		11061.5	
1212.68		11054.4	
1213.68		11287.2	
1214.68		11302.2	
1215.68		11213.3	
1216.68		11326.1	
1217.68		11447.6	
1218.68		11314.0	
1219.68		11285.1	
1220.68		11219.9	
1221.68		11248.8	
1222.68		11346.0	
1223.68		11439.7	
1224.68		11445.8	
1225.68		11166.4	
1226.68		11255.8	
1227.68		11415.4	
1228.68		11438.6	
1229.68		11539.7	
1230.68		11358.5	
1231.68		11332.7	
1232.68		11461.3	
1233.68		11166.1	
1234.68		11390.5	
1235.68		11435.5	
1236.68		11279.6	
1237.68		11501.6	
1238.68		11468.7	
1239.68		11485.4	
1240.68		11721.8	
1241.68		12683.5	
1242.68		13404.0	
1243.68		14078.6	
1244.68		14464.4	
1245.68		12833.3	
1246.68		11499.3	
1247.68		11313.5	
1248.68		11197.0	
1249.68		11161.7	
1250.68		11159.3	
1251.68		11331.8	
1252.68		11214.3	
1253.68		11142.9	
1254.68		11547.9	
1255.68		11950.3	
1256.68		11921.2	
1257.68		11838.2	
1258.68		12286.2	
1259.68		11944.7	
1260.68		11385.6	
1261.68		11322.4	
1262.68		11389.7	
1263.68		11298.9	
1264.68		11225.5	
1265.68		11360.5	
1266.68		11223.0	
1267.68		11333.3	
1268.68		11485.8	
1269.68		11250.5	
1270.68		11299.9	
1271.68		11502.4	
1272.68		11495.1	
1273.68		11382.4	
1274.68		11500.6	
1275.68		11538.9	
1276.68		11502.9	
1277.68		11503.6	
1278.68		11490.9	
1279.68		11510.4	
1280.68		11771.3	
1281.68		11679.3	
1282.68		11532.7	
1283.68		11687.2	
1284.68		11673.9	
1285.68		11572.9	
1286.68		11677.9	
1287.68		11726.7	
1288.68		11964.1	
1289.68		11828.2	
1290.68		11624.9	
1291.68		11752.1	
1292.68		11786.6	
1293.68		11977.7	
1294.68		11984.0	
1295.68		12059.5	
1296.68		12101.3	
1297.68		11805.7	
1298.68		11931.7	
1299.68		12094.2	
1300.68		12037.3	
1301.68		11961.6	
1302.68		11919.3	
1303.68		12179.7	
1304.68		12106.8	
1305.68		12084.1	
1306.68		12009.9	
1307.68		12134.3	
1308.68		12008.1	
1309.68		12187.5	
1310.68		12182.4	
1311.68		12194.9	
1312.68		12380.3	
1313.68		12459.9	
1314.68		12523.9	
1315.68		12497.0	
1316.68		12507.0	
1317.68		12638.5	
1318.68		12548.2	
1319.68		12470.0	
1320.68		12226.9	
1321.68		12460.4	
1322.68		12476.9	
1323.68		12621.2	
1324.68		12672.4	
1325.68		12692.4	
1326.68		12690.7	
1327.68		12721.8	
1328.68		12633.7	
1329.68		12486.3	
1330.68		12506.3	
1331.68		12885.3	
1332.68		12814.5	
1333.68		13089.7	
1334.68		13475.3	
1335.68		14067.9	
1336.68		13767.5	
1337.68		13283.7	
1338.68		13139.4	
1339.68		12857.4	
1340.68		12885.0	
1341.68		13090.0	
1342.68		12988.9	
1343.68		12943.9	
1344.68		13135.2	
1345.68		13070.6	
1346.68		13205.1	
1347.68		13199.5	
1348.68		13165.0	
1349.68		13201.2	
1350.68		13299.6	
1351.68		13305.2	
1352.68		13520.8	
1353.68		13486.3	
1354.68		13553.1	
1355.68		13559.4	
1356.68		13611.8	
1357.68		13564.7	
1358.68		13683.6	
1359.68		13754.3	
1360.68		13892.2	
1361.68		14128.0	
1362.68		14132.2	
1363.68		14352.2	
1364.68		14542.4	
1365.68		14596.0	
1366.68		14669.6	
1367.68		14787.0	
1368.68		14847.6	
1369.68		14888.4	
1370.68		15066.0	
1371.68		15136.3	
1372.68		15085.2	
1373.68		15346.4	
1374.68		15556.3	
1375.68		15642.1	
1376.68		15635.3	
1377.68		15155.8	
1378.68		14667.0	
1379.68		14604.7	
1380.68		14744.3	
1381.68		14696.5	
1382.68		14739.6	
1383.68		14809.5	
1384.68		15175.2	
1385.68		15928.3	
1386.68		16880.7	
1387.68		17171.5	
1388.68		16904.3	
1389.68		17014.2	
1390.68		17498.2	
1391.68		17887.8	
1392.68		18207.7	
1393.68		19266.6	
1394.68		21149.9	
1395.68		21601.5	
1396.68		19478.0	
1397.68		16362.1	
1398.68		14740.6	
1399.68		14128.6	
1400.68		13735.6	
1401.68		13719.3	
1402.68		13882.0	
1403.68		13906.3	
1404.68		13936.1	
1405.68		14331.4	
1406.68		14695.0	
1407.68		15021.8	
1408.68		15447.2	
1409.68		15512.6	
1410.68		15918.9	
1411.68		16014.5	
1412.68		16144.2	
1413.68		15985.9	
1414.68		15375.7	
1415.68		15066.4	
1416.68		14963.0	
1417.68		15567.6	
1418.68		16398.7	
1419.68		16920.3	
1420.68		16547.2	
1421.68		15232.1	
1422.68		14129.5	
1423.68		13727.1	
1424.68		13589.6	
1425.68		13513.0	
1426.68		13273.4	
1427.68		13332.2	
1428.68		13694.9	
1429.68		14803.5	
1430.68		16791.9	
1431.68		20847.4	
1432.68		27667.3	
1433.68		32747.1	
1434.68		25126.7	
1435.68		12270.7	
1436.68		6414.43	
1437.68		5227.88	
1438.68		4857.69	
1439.68		4629.69	
1440.68		4615.14	
1441.68		4987.61	
1442.68		5978.06	
1443.68		7912.17	
1444.68		8621.01	
1445.68		6009.77	
1446.68		3300.67	
1447.68		2408.73	
1448.68		2330.50	
1449.68		2343.63	
1450.68		2249.75	
1451.68		2237.06	
1452.68		2222.71	
1453.68		2294.70	
1454.68		2345.82	
1455.68		2355.10	
1456.68		2298.91	
1457.68		2261.19	
1458.68		2203.60	
1459.68		2293.08	
1460.68		2305.43	
1461.68		2324.75	
1462.68		2410.35	
1463.68		2432.81	
1464.68		2312.76	
1465.68		2167.88	
1466.68		2117.67	
1467.68		2074.14	
1468.68		2102.63	
1469.68		1997.71	
1470.68		1976.03	
1471.68		1951.99	
1472.68		2044.13	
1473.68		2139.97	
1474.68		2203.16	
1475.68		2382.81	
1476.68		2522.64	
1477.68		2736.33	
1478.68		2852.28	
1479.68		3231.57	
1480.68		3525.40	
1481.68		4121.50	
1482.68		5097.56	
1483.68		6176.40	
1484.68		7633.72	
1485.68		7753.68	
1486.68		4697.47	
1487.68		1245.28	
1488.68		177.854	
1489.68		73.0000	
1490.68		39.1100	
1491.68		16.5020	
1492.68		12.9160	
1493.68		7.90400	
1494.68		5.75000	
1495.68		4.15200	
1496.68		3.15800	

